4
0.76 1 2
30 90
dirt-straight-hilly:8,19,23
dirt-straight-flat:2,12,24
dirt-slalom-hilly:5,10,16,18,30
dirt-slalom-flat:1,6,13,27
asphalt-straight-hilly:9,17,25,26
asphalt-straight-flat:4,11,14,15
asphalt-slalom-hilly:3,21,22,28,29
asphalt-slalom-flat:7,20
5
mazda:0.08605929855180149 0.0007075395362760705 0.036329428041500224 0.2598888184992086 0.12066845767438177 0.07620052759285786 0.05828630191246245 0.02921196835040757 0.12645828723625366 0.022507731458019552 0.014655071721847376 0.1690265694249835
toyota:0.20761158857288786 0.0584001269446594 0.008987190519310346 0.012636792304704738 0.11084634315563373 0.04988471688453158 0.024710769656357472 0.1589840782025839 0.0900176316739625 0.0018196176313404026 0.26966461490868127 0.006436529545346669
ferarri:0.08060077174229209 0.02008257553276861 0.1137342804919284 0.12646637662287535 0.05009944273558486 0.006742909842916323 0.016641201732367942 0.06644857279637334 0.04494320256786024 0.028786712201700815 0.29354096058771084 0.15191299314562112
humvee:0.02595234091394446 0.06297484617430608 0.022026287519113303 0.10947636111797125 0.006712692869788579 0.10374225635606678 0.0427483506499594 0.033534574943323577 0.18472759690463653 0.2506567321154622 0.10211105351447014 0.05533690692095766
go-kart:0.0044728411912369976 0.44148487822729804 0.042996436856537514 0.0032637154026111826 0.020401792616026287 0.1644336450020845 0.12150272130369237 0.025890840796750615 0.038731489379506975 0.025992048697222343 0.09291479874023101 0.017914791786802428
5
stig:0.0266196939818471 0.22045703703487998 0.005017962545300473 0.11692657458588417 0.008785391771854516 0.002077794118924457 0.13363717127914224 0.14281940977878713 0.043265874338413966 0.04960114274391654 0.1266465891734416 0.12414535864760788
schumacher:0.036964084729064456 0.12936166071246424 0.0023967662305463353 0.0007551218328110294 0.053925818359845286 0.15082885944690388 0.0603445921026909 0.08892147412775439 0.22369419814213118 0.10865220554324999 0.04421554804905762 0.09993967072348069
anakin:0.010376316977288105 0.12225338391163144 0.19437953011344783 0.0029507293533160236 0.081913545556005 0.09741051179775934 0.008705749519732672 0.18859305630682646 0.006556893170430178 0.09875508671191949 0.017273674028695604 0.1708315225529479
mushroom:0.15121438708786328 0.041304485746846135 0.21174512023625064 0.08225220874082308 0.14727810772687316 0.014186094583843427 0.039025244838331516 0.14153126063317065 0.051049294145112264 0.01899752337831103 0.06407705064063177 0.03733922224194308
crash:0.04107061470858055 0.012381200934116498 0.17870017425969328 0.05319975055681551 0.037930165741566345 0.010084779874648637 0.01983382367565605 0.27559121334119235 0.008935520205933184 0.008188935095108702 0.03610479076129311 0.3179790308453958
all-terrain:0.03414143933045366 0.13546477303060037 0.055554808981437595 0.2026322991202376 0.14679657054155018 0.1005184204307572 0.06405992081905783 0.055745058603972344 0.023109670635302546 0.10133765715291172 0.05211918146270331 0.028520199891015674
mud:0.019936934173061534 0.019280592267004328 0.017822795830348452 0.11203670743167021 0.15666383329287709 0.05223713318884695 0.05217387999580003 0.21924639282335193 0.03032438980030749 0.08040106821527326 0.1722630793062517 0.06761319367520709
low-profile:0.14109847506466727 0.07650443902662292 0.1014541629934464 0.31344911297200895 0.021243955748194022 0.042697362779235894 0.053858993008373275 0.1352580879600231 0.00027672252382329184 0.07505552152696267 0.008312096664890386 0.030791069731751736
performance:0.03009504752184951 0.01544940686454238 0.08848286485391586 0.04786512084151213 0.08393990455308843 0.02023032938755814 0.1677261178436457 0.0392555538362382 0.24452099829379562 0.0077469638776281845 0.16475621553804698 0.08993147658817909
4 2 3 2 4 5 1 5 5 2 2 4 5 1 2 5 5 1 4 1 2 2 2 3 1 5 1 3 4 4 1 4 1 4 5 5 5 3 3 5 1
0.0753424040731174 0.024037236844014473 0.28059983596207416 0.11761919767650353 0.07903414912993668 0.06738715054979073 0.055416216060463756 0.3005638097040993
