4
0.69 2 1
30 90
dirt-straight-hilly:1,16,29
dirt-straight-flat:3,9,11,14,22,26,30
dirt-slalom-hilly:2,7,23,27,28
dirt-slalom-flat:5,10,12
asphalt-straight-hilly:4,6,17,18,25
asphalt-straight-flat:20
asphalt-slalom-hilly:13,15,19
asphalt-slalom-flat:8,21,24
5
mazda:0.07626768221640969 0.04945840473900635 0.014363455119824637 0.0020377401665993005 0.13616629940158292 0.05599785908843677 0.008008258994380924 0.25365885671338 0.18184248263684574 0.02208823086684784 0.19488005832326824 0.005230671733417699
toyota:0.025794594963244034 0.12078130013776475 0.24713320707229863 0.19372745825370388 0.14232956000543562 0.006503801509291999 0.07639527768602682 0.03280295415041934 0.06986640990193357 0.013926351695896287 0.057607212532201864 0.013131872091783058
ferarri:0.04565044174258358 0.020416000810060307 0.02706689832758634 0.137941129671466 0.04647969363466758 0.07308330710149924 0.10902612132014994 0.12916140514469532 0.014452018900872018 0.04896910986400165 0.33003804808803094 0.017715825394387222
humvee:0.0723454326982111 0.21359579308451798 0.04124516473858218 0.022946373734204686 0.038211284706858716 0.05461599286753954 0.013587962032458946 0.10126424678728307 0.24287101795274443 0.017650490693929738 0.06008496837128752 0.12158127233238214
go-kart:0.09838445293616485 0.054795810343767175 0.02254597076427179 0.07883812631202125 0.04570652177247915 0.008494950569759 0.11870530172249853 0.08242027077768893 0.05537637248792349 0.2134200749729789 0.18299701929515808 0.03831512804528882
5
stig:0.006318985009605432 0.07510891295106818 0.012668018542874141 0.013535266464872605 0.030569505676074894 0.2276354352735727 0.16800009436477994 0.21615163851580277 0.009430939020578871 0.09307851061345863 0.08123988533748014 0.06626280822983173
schumacher:0.052732977425811116 0.4187975123086927 0.2132927974643373 0.004821032146966578 0.04885976811698143 0.07231920604401827 0.04244658539489697 0.014712354533219925 0.0774892392359866 0.024649556814195766 0.01775392174890339 0.012125048765990092
anakin:0.055404747257624655 0.2383924859621964 0.16452137567707362 0.07633888272832763 0.15994359210174516 0.008561702596989882 0.012877735419553468 0.013242157788452565 0.043516331272832436 0.10290530487554615 0.09401688760891351 0.030278796710744647
mushroom:0.009312456659592133 0.04778509614951396 0.09960096813918479 0.022478687445548606 0.021155436595188433 0.14455904313251952 0.05747961815748445 0.2386801931033127 0.16967221754028425 0.0887987448424583 0.07384002504652287 0.026637513188390045
crash:0.005124071861930653 0.01825213446348878 0.12530135881538645 0.29804660643857983 0.04363975649503002 0.2113542931309166 0.02801742431323561 0.04817538475416251 0.025800306810343822 0.0914716005001709 0.0908432693331418 0.013973793083612981
all-terrain:0.11495269417456205 0.08067068810620413 0.1114118340243361 0.010459691370979955 0.03544742655014245 0.011443993870962605 0.14770892066549685 0.009629725465442511 0.10241953524775928 0.12779943259125076 0.046299494688427624 0.20175656324443553
mud:0.19807717775870332 0.002985170482948244 0.18618462117892415 0.10560542205100369 0.2348017842250915 0.12173906918598061 0.007897127833079182 0.02996078499617843 0.04478931329544307 0.04230782462447243 0.019704201242448992 0.005947503125726601
low-profile:0.001660764015963994 0.18959861448955584 0.007298860643038129 0.09029709956090974 0.18337434357903387 0.024411731740573296 0.1747430881933992 0.01838393452892873 0.05696110289959112 0.08421450691777232 0.043342317613725326 0.1257136358175083
performance:0.23085128034318264 0.12478068178161747 0.060788900259542505 0.11705134264952531 0.14862705855068556 0.006184703374733061 0.045307465536597 0.10631858504254203 0.023913959186272937 0.027297274360463024 0.08504970139534401 0.0238290475194943
5 4 5 5 2 3 5 2 2 5 1 4 3 4 4 5 1 1 5 4 1 2 5 3 4 3 1 5 5 2 2 1 3 1 2 1 4 3 1 4 5
0.02332929722299756 0.12683782593345133 0.06444004099423377 0.14073211426346946 0.20161506811183244 0.15700751290867204 0.0613033717680266 0.22473476879731666
