4
0.957 6 9
11 33
asphalt-straight-hilly:4,
dirt-straight-hilly:5,9,
dirt-straight-flat:1,11,
dirt-straight-hilly:2,
asphalt:7,
dirt-straight:6,
asphalt:3,8,
asphalt-slalom-flat:10,
5
DZQho:0.04244950877693337 0.2701358456431979 0.11539606994385893 0.0414478994014065 0.0487277587105173 0.09496514277216096 0.055326854385757365 0.16799168513315121 0.09290832216993 0.06247917822840001 0.0009530477491606428 0.007218687085525894
r:0.041418075548558295 0.0929670977462445 0.09481255752449888 0.03492205982112397 0.16828974772517924 0.02644580345256827 0.010655621732144354 0.21019008774165754 0.051190289505010415 0.041437002416053165 0.08243607922322134 0.14523557756374006
VX:0.04117150938378758 0.013622838902693422 0.02446539077836456 0.0953834874194995 0.20741040033060468 0.052982230056475954 0.06836617101057309 0.2250939538570049 0.0011779160745764806 0.013194679372974603 0.22076182281160778 0.036369600001837754
TvQ:0.014563084376942178 0.12980231096049533 0.05249911767758042 0.025088403454919663 0.29693992154133175 0.0727693513952429 0.007392579750066769 0.030678472732635062 0.013240040042238692 0.06981162747855629 0.2563043670359864 0.03091072355400449
ksDS:0.17365672425093695 0.010328364142058517 0.07045500000680109 0.04722707628040043 0.011415630131999543 0.023943726456580203 0.055173207861204755 0.2043719401750485 0.11871369775582469 0.06024158802767243 0.12856582220915821 0.09590722270231487
5
zGVt:0.08982475904797846 0.049390437900210686 0.032769464261165324 0.1414762169723134 0.061205846662581824 0.005863989914379325 0.21647930769095675 0.020404178108006103 0.08378493309959821 0.05301136114637499 0.04693749523661672 0.19885200995981842
jnZfO:0.06584411038790487 0.164887739013794 0.002325238238738792 0.13936470757691471 0.015816960289042142 0.006550292285491034 0.17243491226715588 0.10594870553554676 0.07547524812836494 0.05011067524494739 0.04036018001910715 0.16088123101299237
WBiDf:0.02931820666499519 0.045848969221813494 0.05449388782036465 0.1269186426300353 0.030623978422937886 0.015946738638028396 0.07587159166109085 0.16092870052354008 0.06022508291133589 0.12520202847336293 0.24277008849652607 0.03185208453596929
CbVN:0.13703210005356492 0.06090157549509257 0.03182223784805021 0.13665769517127427 0.2174947960669649 0.01585676655140218 0.019179269849553957 0.05082735337424864 0.06100496291006259 0.11082113308423822 0.03126242204385999 0.12713968755168767
VB:0.011599882042036906 0.09869675004292935 0.14248508486952427 0.054126313228562324 0.06487427105778917 0.0808095297789388 0.17142581099244159 0.044356507485738605 0.009894685054191527 0.2286556011124591 0.0047959490216330355 0.0882796153137553
all-terrain:0.013397967333247966 0.09614978837089816 0.09569746980878581 0.07113134263915799 0.015467474898505298 0.027050949255501455 0.02606358758602945 0.014641468123004913 0.05996148209624728 0.5211974950624564 0.029774768434676385 0.02946620639148889
mud:0.07611252329891241 0.02403618668200624 0.005004417381327654 0.011421812080165007 0.15082783724210125 0.05387589841103638 0.0405527986471482 0.04283097860840505 0.08613332518893324 0.08390806914312453 0.27294362525954463 0.1523525280572954
low-profile:0.034756588070858754 0.15562257196701174 0.013653875519148796 0.07819332193048581 0.11359712354950638 0.08477570776794946 0.35050064884652077 0.04850520700870817 0.01510695329396087 0.07085072321667783 0.03115713095652552 0.0032801478726459748
performance:0.04694361722755685 0.04482786966116571 0.003190373383769341 0.1338966105035013 0.09709888725066623 0.04034809568218823 0.1357145030630523 0.1968435120096915 0.19312392325121197 0.012966068493856668 0.034893113905853444 0.060153425567486464
3 4 8 4 3 5 7 1 2 7 7 7 4 1 9 2 9 8 10 3 1 8 5 1 9 6 5 4 2 6 2 8 8 9 2 6 10 4 2 8 
0.20561056844507633 0.31801445419123564 0.02495404542356295 0.040561231156689304 0.03439488174681534 0.052159922869688805 0.06614756488640416 0.2581573312805275
