4
0.630 8 2
23 69
dirt-straight-flat:10,23,
dirt-straight:1,4,6,17,
dirt-slalom:3,7,9,14,18,
dirt-straight-hilly:2,19,
asphalt-slalom:11,
asphalt-slalom-flat:8,
dirt-straight-flat:12,21,
asphalt-straight-flat:5,13,15-16,20,22,
5
Vi:0.09285108159099517 0.14256461778210922 0.2129938924326739 0.0003486299436548158 0.03693491624636567 0.039412304276614595 0.06114726405629739 0.01413717952692763 0.07785700016594965 0.051068293079261584 0.20412947590196936 0.06655534499718102
b:0.05374510721640869 0.02232934590510314 0.14130471676667244 0.06541818141908415 0.14878796857417884 0.14888298553995158 0.000670059708094093 0.007600058862880947 0.14764627996366667 0.02361142344926887 0.15311701531097704 0.08688685728371366
S:0.06528002823885426 0.09856496083722774 0.21306768877103657 0.10974496601116655 0.037821541068283955 0.029776103469948956 0.031995216999427166 0.13759362828844038 0.03327137087627185 0.06894078261545647 0.031139680734992965 0.14280403208889314
dTh:0.03761793225829577 0.07618207396259576 0.17796355054497226 0.02161412477082487 0.08634287039880417 0.048286899191433315 0.13530709801654278 0.23937842289155678 0.08747831773253598 0.07205901390439973 0.008295366956437693 0.009474329371600962
DGY:0.10518616887699955 0.25500086173049585 0.06052312428545911 0.1132782670166987 0.0387035682858543 0.028969117752219206 0.007248296758388806 0.020941993885650583 0.054736146163259204 0.21045329073666594 0.07617524968476687 0.0287839148235419
5
b:0.06580769004940651 0.02926998878633866 0.10519414198208425 0.1714341147830781 0.11211099493107549 0.07172772771038838 0.17180915067754748 0.026816662569876474 0.09419292477165828 0.04479699058299432 0.08143515169011921 0.025404461465432904
MIuM:0.18823642286529244 0.04083054600017659 0.015659696019818484 0.09276651324764765 0.023814134075924278 0.21597376505176819 0.04451557179233828 0.13026235906376454 0.07672110353088521 0.03500038980128544 0.12539097042280886 0.010828528128290101
w:0.16406662468989017 0.1088131269899659 0.027118016945205468 0.15339097164707793 0.0836267273524709 0.27399509985755693 0.06678550520678128 0.036994311742889675 0.018892093440450043 0.006780455483452802 0.03256852215164964 0.026968544492609294
thN:3.975626647762877e-05 0.17446603162950095 0.029361697479739234 0.08347636239476726 0.0006799168222696657 0.10290345775946612 0.003352736385713984 0.15225776686850373 0.035281768478016576 0.10772607140632244 0.15493545861256114 0.15551897589666147
pTzP:0.02206180466048806 0.03421021717513534 0.10971508849314973 0.18391470746093605 0.4285391903255336 0.04482531943937164 0.009582622009306587 0.036897936128834116 0.007909101928193968 0.05355230618629363 0.026613629961700913 0.042178076231056426
all-terrain:0.22481206827953457 0.037415472076454015 0.00883785734604323 0.05713783334383196 0.09278396766860629 0.006753402077802608 0.0540547107214769 0.035180888033718986 0.3178549771453478 0.040742521720767914 0.1040461023453167 0.020380199241098865
mud:0.10760510098135845 0.07031201914779966 0.14078327718992814 0.003203394560435729 0.1389008969111674 0.009796330649985526 0.3557581547654084 0.01371358730962368 0.016773143383186914 0.05219354899668882 0.0023115247180281033 0.08864902138638912
low-profile:0.08383509183301503 0.0009351866828445304 0.10220157598925798 0.22601196476279553 0.03426601918253538 0.09070911701782196 0.06732599867094351 0.21572592274399846 0.024941461744574768 0.03707996563459514 0.013420114620081048 0.1035475811175367
performance:0.1027846010829444 0.0003497571141207984 0.058767985654045354 0.08540127157262356 0.06518367838899018 0.11501229629514086 0.16530743923299754 0.0193316177643567 0.10586530139844764 0.09295343021790162 0.0035618695405897865 0.1854807517378414
4 5 4 7 9 8 10 5 9 9 10 9 3 8 5 7 4 7 5 9 9 8 4 5 10 4 9 3 9 6 3 3 7 9 7 10 3 9 1 7 
0.028663190185304173 0.06510806648089432 0.10010250549317513 0.16714739395243866 0.47356655084193794 0.027696721974628292 0.0844123638665983 0.05330320720502317
