4
0.872 7 9
25 75
dirt-straight-flat:2,12,
dirt-slalom-hilly:11,25,
dirt-straight-flat:16,18,
asphalt-slalom:1,3,20,22,
asphalt-straight:8,15,21,
dirt:9,
dirt-slalom:4,10,14,17,19,
asphalt-straight-hilly:5-7,13,23-24,
5
l:0.02654609580129707 0.006117518833668299 0.1894982137781868 0.026940167684522107 0.08148393858882083 0.09228433455483935 0.05073438034407389 0.02201532775005723 0.07855635706505275 0.03465286533774798 0.3544939834527166 0.03667681680901717
bagmN:0.11953249274685529 0.02391316135747346 0.05991418703471397 0.04923836139953175 0.20257432753764903 0.09302638890105322 0.02498996066384838 0.16646313169519453 0.15020325841691948 0.012874539281794573 0.0028066340883887127 0.09446355687657787
c:0.06408190858848449 0.3059069515220745 0.03567095433280993 0.01849941915599556 0.06299641887304154 0.06620296982629902 0.01810507776602821 0.010767264347220286 0.004736661576942983 0.15194250433462758 0.10109149818105262 0.1599983714954233
Ops:0.03975230533886821 0.03540297812277275 0.30791226483750245 0.05444200400007932 0.043092886477338346 0.051774355948417 0.023550671345563226 0.06603897775644181 0.2560056101467187 0.012079741417555292 0.0630839497997707 0.046864254808972265
T:0.316663430461152 0.02181347961293314 0.02023406420966439 0.040008857074800334 0.02970341947218903 0.1876006345808582 0.05737469653319148 0.06856374057169791 0.16535228025396756 0.0060348013729445895 0.023311032116411733 0.06333956374018955
5
nFpX:0.06100885642958325 0.04870272311309611 0.0766901827126652 0.1063164853233416 0.18190142173507282 0.09991958351027833 0.09333104075338934 0.127021251271895 0.10942744970647256 0.01840092298434434 0.04032020995089824 0.036959872508963126
fr:0.07214670896031804 0.11270802942687907 0.03524215715080031 0.03362477028189004 0.04063802566376917 0.16071596320728854 0.17296226887169092 0.25373005889215955 0.005107150388929853 0.02249688510544428 0.08461257623585587 0.006015405814974318
pBbq:0.12589561367411353 0.0625654758198754 0.1730516065936512 0.05076060656799221 0.061791876274391366 0.09599060271094835 0.013973330232469989 0.041979225896394044 0.06412810211938225 0.25131543073124873 0.056349560958287935 0.0021985684212449804
d:0.01860958549569489 0.04073311114474401 0.03056235838610176 0.24378485533149638 0.29729279128825903 0.09843127959952289 0.032707530661397664 0.05153331943239648 0.017769629294394667 0.034648954784317315 0.04587547064674366 0.08805111393493104
bpvV:0.3803607023701528 0.02712447915683014 0.09307414920171189 0.030115561164693064 0.05751645904802879 0.01258300495068346 0.1745809136976216 0.02899315955996786 0.023987059375410562 0.0550715987963746 0.11589170262047647 0.0007012100580487971
all-terrain:0.003858200563126082 0.13864260082246582 0.00863615860133032 0.13050996449350366 0.02592195170062986 0.01878407278922616 0.0208758279268355 0.039140912188609614 0.22246659280308095 0.11667024535165174 0.16863411026790898 0.10585936249163139
mud:0.2998899596914385 0.02874436921139555 0.09800393301035613 0.03424469566943816 0.13744719326434118 0.08123683920594323 0.043893504751294624 0.06199676002290663 0.07601448655803873 0.1013399924551445 0.004194967927561925 0.03299329823214073
low-profile:0.0004347454551562675 0.09462028700938141 0.002243378557620017 0.03005585229643484 0.18616762880019588 0.038742072608487076 0.3319633869656126 0.016401617665615795 0.046830718168611084 0.1134438638250045 0.008648314773046095 0.13044813387483445
performance:0.08755476677335258 0.07386571868808971 0.0029207781426243387 0.04303299982903663 0.12186796702713153 0.10116330275026245 0.040977127647881376 0.02703863213080891 0.04648988691116176 0.2885536561916585 0.14644872536840903 0.020086438539583234
10 8 7 8 5 2 7 5 2 1 6 6 10 10 5 10 10 8 1 4 10 1 9 10 5 7 4 6 2 8 10 9 7 3 1 2 1 5 9 6 
0.046765866591399294 0.0014459786934532426 0.033470239567713556 0.009027630102073617 0.10182125738716495 0.1873172515728845 0.5162862602504114 0.10386551583489949
