4
0.619 6 2
27 81
asphalt-slalom-hilly:1,21,
asphalt-straight-hilly:7,16,25,
asphalt-slalom-hilly:3,20,22-23,26,
dirt-straight-hilly:6,13,
asphalt-slalom-flat:2,4,8,14,17,
asphalt-slalom:12,15,18,
asphalt-slalom-flat:5,9-10,24,27,
dirt-slalom:11,19,
5
Gu:0.03743264346824033 0.033698734580962696 0.003929097996573286 0.05835860307372998 0.06583816046134446 0.138462009291218 0.031621502402570945 0.07746892761171752 0.007143761526222814 0.23358544824248076 0.20130918988679897 0.1111519214581403
ACp:0.031143010948998073 0.038437409552742864 0.013084481280706413 0.1543358103799578 0.021735579792952604 0.019223500538400672 0.054253346956796095 0.11611357794103229 0.02841440243343782 0.13810179484550258 0.19522957562638155 0.18992750970309133
wka:0.16069105492721852 0.06093879875712778 0.005501312495926279 0.04305171748507007 0.012863596753784125 0.08474267595488878 0.0581672585901235 0.15654486404297047 0.15905919542944943 0.10352003824571435 0.0969173405674464 0.05800214675028039
OW:0.007523108111912689 0.07515398669440304 0.2557163495054707 0.00988730859787882 0.04999818754181932 0.21873403132887187 0.17241836205381064 9.367730042161543e-05 0.017098129435211166 0.08848113295840117 0.04675635078467078 0.05813937568712815
aQoF:0.05356449943151425 0.0043753007805298234 0.05957587235148988 0.16974920583568961 0.049531488376836935 0.22032787203354487 0.023101548203677238 0.24354106132857745 0.028020182231216346 0.007236829642717178 0.10769357879356498 0.03328256099064138
5
ufJT:0.073324773972875 0.16328659995015707 0.021083538163892274 0.08452897551507679 0.1820098545004812 0.005827315732228105 0.13559851522695585 0.04786782844850994 0.02467261608484655 0.01562011368897151 0.15323634870699465 0.09294352000901093
KOC:0.002833925545800994 0.05329466843751602 0.31266520535669756 0.2503428086030688 0.015650167029730065 0.023374665958716165 0.03755346125027417 0.01931219096677746 0.01943405886360287 0.015040404123257144 0.07481682866350102 0.17568161520105763
RyPVR:0.01336679878329319 0.0896033616081869 0.05595457789632857 0.22499167422110647 0.004391881769271915 0.09457241704483586 0.0828264885081372 0.026745457752736734 0.010730730032349776 0.11674715491026054 0.2721899953724762 0.007879462101016704
nReH:0.009813717695961875 0.14318336210102764 0.01419941859045806 0.2062655487460112 0.005867600970627228 0.2750129258556495 0.07838111742456981 0.05405656143559534 0.10222469370253709 0.00905166646595943 0.06034735897064027 0.04159602804096255
aKs:0.10552640056372056 0.05456161125260016 0.015663164806951582 0.009123647297335625 0.23229191879633104 0.029342507148339074 0.09288856232347381 0.05810918075268787 0.04165181409081537 0.18278419126853776 0.1092118273366445 0.06884517436256248
all-terrain:0.14903467026807937 0.00988367397033305 0.06451229536518763 0.15908118836742427 0.22746036139017242 0.02901901157129149 0.06900278386968285 0.04686726655129137 0.05183215912474834 0.08527591676310446 0.04343150573698098 0.0645991670217036
mud:0.07554442775922389 0.1302723080079874 0.05471661157810183 0.027131732670134287 0.18906728733576955 0.07547950266410929 0.07637574995497332 0.06888907114086619 0.21673447774791657 0.04002294219794742 0.04366448844333681 0.002101400499633436
low-profile:0.007180703105324859 0.0036903432886501585 0.26808973337866915 0.12278677441102534 0.03588769116045338 0.04755902001443416 0.15794936240126106 0.024179677781011627 0.2156214035064096 0.053902144426125564 0.0598562555399944 0.003296890986641001
performance:0.004161942343303155 0.10302698206389414 0.16490404264903052 0.026066925037952736 0.09718358857802512 0.009632549430742926 0.09248745747330245 0.0470167488642964 0.22050576854548962 0.21273124226283355 0.004053762748703551 0.01822899000242582
10 8 6 2 8 10 5 4 3 5 1 3 9 3 6 4 6 2 5 8 7 4 9 5 4 9 5 1 9 1 10 7 2 7 10 3 4 5 8 3 
0.04655004067645353 0.3022070139890228 0.1114974541855803 0.15047074910583086 0.0748153462863172 0.07332692659477621 0.02273629993164638 0.21839616923037294
