3
0.725 2 3
18 54
asphalt:5,11,
dirt-slalom-hilly:6,15,
dirt-straight:3,
dirt:8,13,18,
asphalt-slalom-hilly:9,12,17,
asphalt-straight:1,14,
asphalt-straight-hilly:2,7,10,
dirt-slalom-flat:4,16,
5
yXQX:0.02614089924667568 0.002675585146687669 0.09010927019964597 0.1553822630880204 0.07222338466450287 0.019497032770054545 0.17507214972216562 0.0993825460670773 0.02059945402858945 0.11953543596434482 0.028481833673788592 0.1909001454284472
RiJQ:0.09644090049748734 0.02767197069288754 0.13168427557378504 0.09662661876180668 0.0029345341488426547 0.10755685822227724 0.0572987250695138 0.0695774568545512 0.1866826696365877 0.0622921485604361 0.02064353118450015 0.1405903107973246
cet:0.07239614072784167 0.0008980560883225091 0.03922167034881907 0.3653994127943463 0.01293578614618134 0.08311269812595434 0.030887389279299633 0.1194655342152025 0.06614238184796616 0.09162505394445461 0.047293226625379076 0.07062264985623275
aud:0.11909425918689952 0.16367358139134747 0.027741784846089038 0.13602428394488447 0.06872261166267178 0.03822512631579401 0.08962026954720735 0.09775351771521398 0.001504640487748158 0.0554849652680518 0.18753636090732295 0.014618598726769542
AAw:0.0015611722909169461 0.03495035171021933 0.030673814286060645 0.34224429711245086 0.015405826547967388 0.09281336165151807 0.08805436195957458 0.1301062077155107 0.11651688990542544 0.08222342845838082 0.058406711590459785 0.007043576771515305
5
iLhW:0.04716654151840951 0.030781205687669844 0.024466423706594853 0.019001269954525696 0.03886187163086165 0.03356727227818009 0.042792854785968816 0.006870759382813488 0.2552883144098208 0.2018200579616145 0.12106819408717633 0.17831523459636422
SRUQm:0.017611825171806938 0.04713231571848893 0.06087239300238574 0.07500738072791281 0.0009522657285910185 0.05792084737853203 0.4964881050540675 0.04879734966885539 0.12710426471373484 0.010125157989443377 0.018620843310502514 0.039367251535678806
ieD:0.08767994889591464 0.02909306940258064 0.0912012900190315 0.05882341283751317 0.028127861333593022 0.3181015727667382 0.16989539118495148 0.030421164340097225 0.015217408621204465 0.02988179041663953 0.1244458215309352 0.01711126865080084
lgE:0.1417791444687863 0.010953783463491866 0.013717480142466973 0.056405761740949176 0.13282354058344728 0.007178153501842636 0.07960163731455583 0.17554697948815406 0.0464996461193737 0.028225664111618698 0.07311453165211894 0.23415367741319448
Cdj:0.05169855135980807 0.08262391508723696 0.08827360341793479 0.12236652513385815 0.05874969431818223 0.006021340963004468 0.32611674014971376 0.07902889939516555 0.05701108981638295 0.016292347438492054 0.07069657455431191 0.041120718365909234
all-terrain:0.00744515494465002 0.008597605165281253 0.1296553838077498 0.09381551112120352 0.07944088932506821 0.08764049818169323 0.264160889440351 0.06666452193009552 0.01034295421128063 0.05850671888073755 0.14584845886471648 0.04788141412717291
mud:0.05824608530176102 0.012349921567727089 0.20182996172493065 0.08862484053344007 0.013639487472055817 0.18887428176273136 0.048418578460501224 0.05656900654560116 0.017835306296016044 0.12094498203476757 0.05920603293703709 0.13346151536343098
low-profile:0.008889393800156966 0.010033485081204717 0.1714152486892041 0.1811159300764197 0.04951024686139903 0.09934319817764894 0.01854253127513985 0.10026868673481823 0.15853686788551177 0.09290284687724623 0.05540741150617111 0.054034153035079205
performance:0.0827527151494771 0.03513118269602979 0.0009286719953673271 0.2523771588170166 0.03780434017601624 0.09264639489109365 0.050310858423280605 0.010054809296429467 0.0794680010167836 0.015360338517287915 0.06701148511868425 0.2761540439025336
10 8 10 4 6 8 10 9 7 5 9 4 7 6 8 7 7 9 10 10 2 4 7 3 1 4 10 10 7 9 2 3 2 1 6 7 9 3 3 8 
0.09700862893228265 0.0661303664356075 0.05723307658466311 0.10299950858746552 0.35274128240865915 0.14239532329716117 0.02091684838786394 0.16057496536629728
