3
0.72 2 1
30 90
dirt-straight-hilly:3,16,20,29
dirt-straight-flat:9,22
dirt-slalom-hilly:6,13,15,24,25,27,28
dirt-slalom-flat:1,5,10,12,14,23,30
asphalt-straight-hilly:7,19
asphalt-straight-flat:18
asphalt-slalom-hilly:4,11,17,26
asphalt-slalom-flat:2,8,21
5
mazda:0.1501005157833615 0.09682513165392947 0.019980407989674914 0.10007575816278565 0.02782143988340116 0.018269679547735902 0.035231588121700824 0.15656813101576111 0.14530898412901033 0.01038515131233768 0.1338026044358082 0.10563060796449301
toyota:0.16400118272646377 0.023219387648036174 0.035352328121166045 0.20486109619574078 0.06700698051431866 0.05425205619526078 0.026158141427508178 0.08304826714361155 0.05949680965629821 0.0035600038896652446 0.08376509279372694 0.19527865368820385
ferarri:0.24687165998542682 0.10142552416675481 0.018575257962814593 0.06430489161120051 0.004684940913879012 0.03677115131147336 0.04667813758324306 0.14774831030205426 0.20576220624402045 0.033723462783690185 0.023066442253335928 0.07038801488210686
humvee:0.02451639227563491 0.1651023352937216 0.1436422230681453 0.010400466901627476 0.030005303578975864 0.202836654506784 0.017292726358753226 0.03947159843880368 0.028381447272946638 0.04092339261187739 0.178709107011005 0.11871835268172504
go-kart:0.42187242321684204 0.004808101501675939 0.01711974461454873 0.01034430240580369 0.00032563150893129316 0.002385582673655111 0.13585855222164353 0.002562712695081236 0.15758174742491385 0.07402339991350951 0.07390256513804208 0.09921523668535293
5
stig:0.06709109612844345 0.0028632295935761493 0.004404814113739834 0.13241989115100739 0.06398053740188409 0.06548761596890319 0.26400711919163367 0.13061614159813018 0.09416516241692167 0.006239947380824537 0.13227029575873245 0.036454149296203386
schumacher:0.06299601652791828 0.050501838066907945 0.022191824840355534 0.08148802994798263 0.039213835049717004 0.016701463622368285 0.08161616129314264 0.33020591685557876 0.0907208268500044 0.023358433194878153 0.12236168070272009 0.07864397304842609
anakin:0.06008580004920274 0.05335592950112616 0.10028903005848465 0.06015147083346332 0.141402262431315 0.09897425280407635 0.01759082309509426 0.057521076654717285 0.0012833036384545628 0.22398112404570178 0.06907082623503671 0.11629410065332715
mushroom:0.023563807329477264 0.101107643162584 0.03415395732198574 0.022213608374516407 0.05128937437855502 0.35512726702729996 0.09986438304712195 0.05539460733942363 0.014000023579922631 0.04457856372583058 0.18092837916771265 0.017778385545570204
crash:0.09314778922207914 0.08209136764417843 0.056086308675130474 0.0057232881584381775 0.10806815089295153 0.023787504775439325 0.07563247478471923 0.0361500405737484 0.06271648526990865 0.2676192736256328 0.03284686881991512 0.15613044755785885
all-terrain:0.0174639642448404 0.06718961254664807 0.06794333849994284 0.013231632768879203 0.015020058627899768 0.23387957699098333 0.16970289010794468 0.13283076169824215 0.1730374569029931 0.07634885126703743 0.01731596661767407 0.016035889726915012
mud:0.04406637752432024 0.19202961614391978 0.011212641542783085 0.204845244112685 0.021652105931773493 0.1445060231811452 0.06592083263201783 0.15784523770916956 0.06354965951177569 0.0270486486316718 0.024320900320575437 0.04300271275816292
low-profile:0.014496398167975627 0.01625480469759034 0.004295432013952543 0.013616053759097822 0.3986574071085494 0.07089973832288685 0.12401750958363507 0.06390290869002403 0.18780684988624236 0.002114300752320064 0.04216043711454672 0.061778159903179246
performance:0.07218834779260336 0.013015937923829188 0.11637432427164887 0.16467544894060338 0.057787990717839424 0.12811790650059698 0.0416709873260323 0.03727187262207323 0.17935229966589475 0.1320578951719667 0.011507208613026213 0.045979780453885774
2 5 2 3 4 4 4 2 1 3 2 5 3 5 5 1 4 3 3 1 1 1 3 4 5 5 2 2 3 2 5 4 4 3 2 2 2 2 3 3 1
0.07723754544722049 0.04960927335986352 0.15854749410691396 0.05326379562901249 0.12669457854618585 0.06935462058188975 0.23717726551940446 0.22811542680950947
