3
0.8 2 1
30 90
dirt-straight-hilly:7,12,18,19,26
dirt-straight-flat:24,27,30
dirt-slalom-hilly:3,5,8,11,22
dirt-slalom-flat:16
asphalt-straight-hilly:4,13,21
asphalt-straight-flat:6,25
asphalt-slalom-hilly:9,14,15,17,20,23,28
asphalt-slalom-flat:1,2,10,29
5
mazda:0.03393295880254331 0.05180075205577611 0.053103595794399945 0.11003460785959826 0.020886232506511893 0.0033840853191622233 0.04093447099936918 0.24828667531672102 0.32745538028592225 0.02123526088294793 0.0353823195671336 0.05356366060991414
toyota:0.014503882077069133 0.0062718188656815995 0.09676668602075417 0.02308895987551322 0.0112430336977193 0.032338155402691346 0.35190452140117895 0.12600988125905935 0.04594735900350835 0.010891021964795917 0.04163310313048992 0.2394015773015386
ferarri:0.04992227646958692 0.002405930873660873 0.08818659977574182 0.0713585443893186 0.025099207296572522 0.09351499094360001 0.1641062065361568 0.033015347308132305 0.37074470012322724 0.01920057247697857 0.04729350050234485 0.035152123304679615
humvee:0.0809806834516596 0.2854544371316163 0.04403223591776143 0.02986024988974776 0.007898961686699131 0.005830225834942177 0.03738243405315537 0.010089314597144067 0.07450441337274769 0.38541213897899773 0.029344803951839943 0.009210101133688963
go-kart:0.08031379400168494 0.022107406270672682 0.0013554641903882416 0.2654863621548928 0.011254362356844376 0.08398993817892465 0.06152402764891959 0.0877274115226309 0.0418295486531361 0.08798849143499463 0.06779994792351643 0.18862324566339483
5
stig:0.005650219553862202 0.0019533080948018647 0.161003647073305 0.055981456593181315 0.03653216446761813 0.047922459802236354 0.23322123116193152 0.17865499026920723 0.0004277111061852134 0.17051182788374106 0.001694417925119864 0.10644656606881016
schumacher:0.02413674528550465 0.08421461415376351 0.03654002276936134 0.14189659463891097 0.10305717747456877 0.02290733725873777 0.20750969463838123 0.10866037771168612 0.13251665247835012 0.034188474349491724 0.0812415877905932 0.02313072145065058
anakin:0.08778744623083995 0.05343074320771727 0.015079242916781895 0.1221136887256617 0.07017022636236307 0.1675120582314457 0.012763331090401092 0.003296179604179037 0.08258797445020856 0.04183924053865192 0.14010412273481446 0.2033157459069353
mushroom:0.15748673469141544 0.05877959917106133 0.1167184945348406 0.15378794857149167 0.043432451877171936 0.030671753988757152 0.06425981943889865 0.16955008554291184 0.062681791882413 0.02373901647486271 0.045974050989222484 0.0729182528369532
crash:0.0007717347461655514 0.18034785827444968 0.026329697804930684 0.3093692119583206 0.010391006964758066 0.06496682129903117 0.07821881157397745 0.04333750066323507 0.053159638949972846 0.19299215258679123 0.02813047880805352 0.011985086370313881
all-terrain:0.019405713359119902 0.029005436907273457 0.09142453963507122 0.01583983862947656 0.08850690115270539 0.12874960203821018 0.09544616434514597 0.09529303576182103 0.14570259414874065 0.04978230758809244 0.08458321438842029 0.15626065204592288
mud:0.03481587413818817 0.12044087478213054 0.13057011131101964 0.21437432116666816 0.007970550214700792 0.02639251754125502 0.07468911018225798 0.014399488533339095 0.07337151502976266 0.03325026127426424 0.058855395765211586 0.2108699800612024
low-profile:0.06460481141094732 0.08475411956618586 0.08298802670437332 0.0709622912101905 0.03116060961776591 0.19389896228383915 0.23069801739573456 0.07400849023068024 0.04783722820798873 0.07295261661879984 0.04101078631360336 0.005124040439891068
performance:0.015147095366511971 0.23842855813455668 0.11504720614197217 0.05711007335469272 0.013440389345494718 0.02420079628306828 0.14726558124561293 0.21265678047697706 0.041547640281767655 0.018244702743349085 0.07730457485414857 0.03960660177184791
5 1 5 1 1 5 1 3 1 5 4 2 3 2 3 4 4 2 1 5 4 5 2 2 5 1 2 5 2 1 1 2 3 5 3 2 5 4 2 2 5
0.13901278450038557 0.2882203941512445 0.004553921127592316 0.04751240236804233 0.15280475095071433 0.05214325731913114 0.14991718974130666 0.16583529984158332
